{
 "cells": [
  {
   "cell_type": "code",
   "execution_count": 1,
   "id": "69db57b9",
   "metadata": {},
   "outputs": [],
   "source": [
    "%matplotlib notebook\n",
    "\n",
    "import pandas as pd\n",
    "import numpy as np\n",
    "import matplotlib.pyplot as plt\n",
    "from mpl_toolkits.mplot3d import axes3d"
   ]
  },
  {
   "cell_type": "code",
   "execution_count": 2,
   "id": "d6f0f95a",
   "metadata": {},
   "outputs": [
    {
     "name": "stdout",
     "output_type": "stream",
     "text": [
      "         node_1  node_2   i   j   k\n",
      "element                            \n",
      "1             1       2  36   0   0\n",
      "2             1       4  36  18 -48\n",
      "3             2       3 -36  18 -48\n",
      "4             1       5  36 -18 -48\n",
      "5             2       6 -36 -18 -48\n",
      "6             2       4   0  18 -48\n",
      "7             2       5   0 -18 -48\n",
      "8             1       3   0  18 -48\n",
      "9             1       6   0 -18 -48\n",
      "10            3       6   0 -36   0\n",
      "11            4       5   0 -36   0\n",
      "12            3       4  36   0   0\n",
      "13            5       6 -36   0   0\n",
      "14            3      10 -30 -66 -48\n",
      "15            6       7 -30  66 -48\n",
      "16            4       9  30 -66 -48\n",
      "17            5       8  30  66 -48\n",
      "18            4       7 -66  30 -48\n",
      "19            3       8  66  30 -48\n",
      "20            5      10 -66 -30 -48\n",
      "21            6       9  66 -30 -48\n",
      "22            6      10 -30 -30 -48\n",
      "23            3       7 -30  30 -48\n",
      "24            4       8  30  30 -48\n",
      "25            5       9  30 -30 -48\n"
     ]
    }
   ],
   "source": [
    "data = pd.read_csv(\"MP1_Data_conv.csv\", index_col=\"element\")\n",
    "print(data)"
   ]
  },
  {
   "cell_type": "code",
   "execution_count": 3,
   "id": "cefcd3f8",
   "metadata": {},
   "outputs": [],
   "source": [
    "E=3e7                  # Young's modulus\n",
    "A=np.pi                # Cross-Sectional Area\n",
    "poisson = 0.3          # Poisson's ratio\n",
    "mass_density = 7.3e-4"
   ]
  },
  {
   "cell_type": "code",
   "execution_count": 4,
   "id": "35cd258d",
   "metadata": {},
   "outputs": [
    {
     "name": "stdout",
     "output_type": "stream",
     "text": [
      "         node_1  node_2   i   j   k   theta_x   theta_y   theta_z     length  \\\n",
      "element                                                                        \n",
      "1             1       2  36   0   0  0.000000  1.570796  1.570796  36.000000   \n",
      "2             1       4  36  18 -48  0.958564  1.279340  2.443798  62.641839   \n",
      "3             2       3 -36  18 -48  2.183029  1.279340  2.443798  62.641839   \n",
      "4             1       5  36 -18 -48  0.958564  1.862253  2.443798  62.641839   \n",
      "5             2       6 -36 -18 -48  2.183029  1.862253  2.443798  62.641839   \n",
      "6             2       4   0  18 -48  1.570796  1.212026  2.782822  51.264022   \n",
      "7             2       5   0 -18 -48  1.570796  1.929567  2.782822  51.264022   \n",
      "8             1       3   0  18 -48  1.570796  1.212026  2.782822  51.264022   \n",
      "9             1       6   0 -18 -48  1.570796  1.929567  2.782822  51.264022   \n",
      "10            3       6   0 -36   0  1.570796  3.141593  1.570796  36.000000   \n",
      "11            4       5   0 -36   0  1.570796  3.141593  1.570796  36.000000   \n",
      "12            3       4  36   0   0  0.000000  1.570796  1.570796  36.000000   \n",
      "13            5       6 -36   0   0  3.141593  1.570796  1.570796  36.000000   \n",
      "14            3      10 -30 -66 -48  1.923070  2.432683  2.155620  86.948260   \n",
      "15            6       7 -30  66 -48  1.923070  0.708910  2.155620  86.948260   \n",
      "16            4       9  30 -66 -48  1.218523  2.432683  2.155620  86.948260   \n",
      "17            5       8  30  66 -48  1.218523  0.708910  2.155620  86.948260   \n",
      "18            4       7 -66  30 -48  2.432683  1.218523  2.155620  86.948260   \n",
      "19            3       8  66  30 -48  0.708910  1.218523  2.155620  86.948260   \n",
      "20            5      10 -66 -30 -48  2.432683  1.923070  2.155620  86.948260   \n",
      "21            6       9  66 -30 -48  0.708910  1.923070  2.155620  86.948260   \n",
      "22            6      10 -30 -30 -48  2.058154  2.058154  2.417753  64.062470   \n",
      "23            3       7 -30  30 -48  2.058154  1.083439  2.417753  64.062470   \n",
      "24            4       8  30  30 -48  1.083439  1.083439  2.417753  64.062470   \n",
      "25            5       9  30 -30 -48  1.083439  2.058154  2.417753  64.062470   \n",
      "\n",
      "             mass  \n",
      "element            \n",
      "1        0.082561  \n",
      "2        0.143660  \n",
      "3        0.143660  \n",
      "4        0.143660  \n",
      "5        0.143660  \n",
      "6        0.117567  \n",
      "7        0.117567  \n",
      "8        0.117567  \n",
      "9        0.117567  \n",
      "10       0.082561  \n",
      "11       0.082561  \n",
      "12       0.082561  \n",
      "13       0.082561  \n",
      "14       0.199404  \n",
      "15       0.199404  \n",
      "16       0.199404  \n",
      "17       0.199404  \n",
      "18       0.199404  \n",
      "19       0.199404  \n",
      "20       0.199404  \n",
      "21       0.199404  \n",
      "22       0.146918  \n",
      "23       0.146918  \n",
      "24       0.146918  \n",
      "25       0.146918  \n"
     ]
    }
   ],
   "source": [
    "data['theta_x']=np.arccos(data['i']/(data['i']**2 + data['j']**2 + data['k']**2 )**0.5)\n",
    "data['theta_y']=np.arccos(data['j']/(data['i']**2 + data['j']**2 + data['k']**2 )**0.5)\n",
    "data['theta_z']=np.arccos(data['k']/(data['i']**2 + data['j']**2 + data['k']**2 )**0.5)\n",
    "data['length']=(data['i']**2 + data['j']**2 + data['k']**2)**0.5\n",
    "data['mass']=data['length']*np.pi*mass_density\n",
    "print(data)"
   ]
  },
  {
   "cell_type": "code",
   "execution_count": 5,
   "id": "b6e40da9",
   "metadata": {},
   "outputs": [],
   "source": [
    "def localK(element):\n",
    "    _,_,_,_,_,theta_x,theta_y,theta_z,L,_ = data.loc[element].values.tolist()\n",
    "    l=np.cos(theta_x)\n",
    "    m=np.cos(theta_y)\n",
    "    n=np.cos(theta_z)\n",
    "    trans = np.array([[l**2, l*m, l*n, -1*(l**2), -1*(l*m), -1*(l*n)],\n",
    "                      [l*m, m**2, m*n, -1*(l*m), -1*(m**2), -1*(n*m)],\n",
    "                      [l*n, m*n, n**2, -1*(l*n), -1*(n*m), -1*(n**2)],\n",
    "                      [-1*(l**2), -1*(l*m), -1*(l*n), l**2, l*m, l*n],\n",
    "                      [-1*(l*m), -1*(m**2), -1*(m*n), l*m, m**2, n*m],\n",
    "                      [-1*(l*n), -1*(m*n), -1*(n**2), l*n, n*m, n**2]])\n",
    "    trans[abs(trans)<0.01]=0\n",
    "    k=np.dot(((E*A)/(L*(1+2*(poisson**2)))), trans)\n",
    "    \n",
    "    return k"
   ]
  },
  {
   "cell_type": "code",
   "execution_count": 6,
   "id": "b1d3f578",
   "metadata": {},
   "outputs": [],
   "source": [
    "def globalK():\n",
    "    gk=np.zeros([30,30])\n",
    "    for element in range(1,26):\n",
    "        node_1,node_2,_,_,_,_,_,_,_,_ = data.loc[element].values.tolist()\n",
    "        node_1=int(node_1)\n",
    "        node_2=int(node_2)\n",
    "        lk = localK(element)\n",
    "        for i in range(3):\n",
    "            for j in range(3):\n",
    "                gk[(node_1-1)*3+i][(node_1-1)*3+j] += lk[i][j]\n",
    "                gk[(node_1-1)*3+i][(node_2-1)*3+j] += lk[i][j+3]\n",
    "                gk[(node_2-1)*3+i][(node_1-1)*3+j] += lk[i+3][j]\n",
    "                gk[(node_2-1)*3+i][(node_2-1)*3+j] += lk[i+3][j+3]\n",
    "        \n",
    "    return gk"
   ]
  },
  {
   "cell_type": "code",
   "execution_count": 7,
   "id": "609ba5dc",
   "metadata": {},
   "outputs": [
    {
     "name": "stdout",
     "output_type": "stream",
     "text": [
      "[[ 3.06086871e+06 -8.73114914e-11 -1.12297311e+06 -2.21863888e+06\n",
      "   0.00000000e+00  0.00000000e+00  0.00000000e+00  0.00000000e+00\n",
      "   0.00000000e+00 -4.21114915e+05 -2.10557458e+05  5.61486553e+05\n",
      "  -4.21114915e+05  2.10557458e+05  5.61486553e+05  0.00000000e+00\n",
      "   0.00000000e+00  0.00000000e+00  0.00000000e+00  0.00000000e+00\n",
      "   0.00000000e+00  0.00000000e+00  0.00000000e+00  0.00000000e+00\n",
      "   0.00000000e+00  0.00000000e+00  0.00000000e+00  0.00000000e+00\n",
      "   0.00000000e+00  0.00000000e+00]\n",
      " [-8.73114914e-11  5.94729790e+05 -5.82076609e-11  0.00000000e+00\n",
      "   0.00000000e+00  0.00000000e+00  0.00000000e+00 -1.92086166e+05\n",
      "   5.12229777e+05 -2.10557458e+05 -1.05278729e+05  2.80743277e+05\n",
      "   2.10557458e+05 -1.05278729e+05 -2.80743277e+05  0.00000000e+00\n",
      "  -1.92086166e+05 -5.12229777e+05  0.00000000e+00  0.00000000e+00\n",
      "   0.00000000e+00  0.00000000e+00  0.00000000e+00  0.00000000e+00\n",
      "   0.00000000e+00  0.00000000e+00  0.00000000e+00  0.00000000e+00\n",
      "   0.00000000e+00  0.00000000e+00]\n",
      " [-1.12297311e+06 -5.82076609e-11  4.22918962e+06  0.00000000e+00\n",
      "   0.00000000e+00  0.00000000e+00  0.00000000e+00  5.12229777e+05\n",
      "  -1.36594607e+06  5.61486553e+05  2.80743277e+05 -7.48648738e+05\n",
      "   5.61486553e+05 -2.80743277e+05 -7.48648738e+05  0.00000000e+00\n",
      "  -5.12229777e+05 -1.36594607e+06  0.00000000e+00  0.00000000e+00\n",
      "   0.00000000e+00  0.00000000e+00  0.00000000e+00  0.00000000e+00\n",
      "   0.00000000e+00  0.00000000e+00  0.00000000e+00  0.00000000e+00\n",
      "   0.00000000e+00  0.00000000e+00]\n",
      " [-2.21863888e+06  0.00000000e+00  0.00000000e+00  3.06086871e+06\n",
      "   8.73114914e-11  1.12297311e+06 -4.21114915e+05  2.10557458e+05\n",
      "  -5.61486553e+05  0.00000000e+00  0.00000000e+00  0.00000000e+00\n",
      "   0.00000000e+00  0.00000000e+00  0.00000000e+00 -4.21114915e+05\n",
      "  -2.10557458e+05 -5.61486553e+05  0.00000000e+00  0.00000000e+00\n",
      "   0.00000000e+00  0.00000000e+00  0.00000000e+00  0.00000000e+00\n",
      "   0.00000000e+00  0.00000000e+00  0.00000000e+00  0.00000000e+00\n",
      "   0.00000000e+00  0.00000000e+00]\n",
      " [ 0.00000000e+00  0.00000000e+00  0.00000000e+00  8.73114914e-11\n",
      "   5.94729790e+05 -5.82076609e-11  2.10557458e+05 -1.05278729e+05\n",
      "   2.80743277e+05  0.00000000e+00 -1.92086166e+05  5.12229777e+05\n",
      "   0.00000000e+00 -1.92086166e+05 -5.12229777e+05 -2.10557458e+05\n",
      "  -1.05278729e+05 -2.80743277e+05  0.00000000e+00  0.00000000e+00\n",
      "   0.00000000e+00  0.00000000e+00  0.00000000e+00  0.00000000e+00\n",
      "   0.00000000e+00  0.00000000e+00  0.00000000e+00  0.00000000e+00\n",
      "   0.00000000e+00  0.00000000e+00]\n",
      " [ 0.00000000e+00  0.00000000e+00  0.00000000e+00  1.12297311e+06\n",
      "  -5.82076609e-11  4.22918962e+06 -5.61486553e+05  2.80743277e+05\n",
      "  -7.48648738e+05  0.00000000e+00  5.12229777e+05 -1.36594607e+06\n",
      "   0.00000000e+00 -5.12229777e+05 -1.36594607e+06 -5.61486553e+05\n",
      "  -2.80743277e+05 -7.48648738e+05  0.00000000e+00  0.00000000e+00\n",
      "   0.00000000e+00  0.00000000e+00  0.00000000e+00  0.00000000e+00\n",
      "   0.00000000e+00  0.00000000e+00  0.00000000e+00  0.00000000e+00\n",
      "   0.00000000e+00  0.00000000e+00]\n",
      " [ 0.00000000e+00  0.00000000e+00  0.00000000e+00 -4.21114915e+05\n",
      "   2.10557458e+05 -5.61486553e+05  3.55181604e+06 -2.79796276e+03\n",
      "   7.88982230e+05 -2.21863888e+06  0.00000000e+00  0.00000000e+00\n",
      "   0.00000000e+00  0.00000000e+00  0.00000000e+00  0.00000000e+00\n",
      "   0.00000000e+00  0.00000000e+00 -2.73413907e+05  2.73413907e+05\n",
      "  -4.37462252e+05 -5.29290742e+05 -2.40586701e+05  3.84938722e+05\n",
      "   0.00000000e+00  0.00000000e+00  0.00000000e+00 -1.09357591e+05\n",
      "  -2.40586701e+05 -1.74972146e+05]\n",
      " [ 0.00000000e+00 -1.92086166e+05  5.12229777e+05  2.10557458e+05\n",
      "  -1.05278729e+05  2.80743277e+05 -2.79796276e+03  3.42806602e+06\n",
      "  -1.02046873e+06  0.00000000e+00  0.00000000e+00  0.00000000e+00\n",
      "   0.00000000e+00  0.00000000e+00  0.00000000e+00  0.00000000e+00\n",
      "  -2.21863888e+06  0.00000000e+00  2.73413907e+05 -2.73413907e+05\n",
      "   4.37462252e+05 -2.40586701e+05 -1.09357591e+05  1.74972146e+05\n",
      "   0.00000000e+00  0.00000000e+00  0.00000000e+00 -2.40586701e+05\n",
      "  -5.29290742e+05 -3.84938722e+05]\n",
      " [ 0.00000000e+00  5.12229777e+05 -1.36594607e+06 -5.61486553e+05\n",
      "   2.80743277e+05 -7.48648738e+05  7.88982230e+05 -1.02046873e+06\n",
      "   3.37444528e+06  0.00000000e+00  0.00000000e+00  0.00000000e+00\n",
      "   0.00000000e+00  0.00000000e+00  0.00000000e+00  0.00000000e+00\n",
      "   0.00000000e+00  0.00000000e+00 -4.37462252e+05  4.37462252e+05\n",
      "  -6.99939603e+05  3.84938722e+05  1.74972146e+05 -2.79955434e+05\n",
      "   0.00000000e+00  0.00000000e+00  0.00000000e+00 -1.74972146e+05\n",
      "  -3.84938722e+05 -2.79955434e+05]\n",
      " [-4.21114915e+05 -2.10557458e+05  5.61486553e+05  0.00000000e+00\n",
      "   0.00000000e+00  0.00000000e+00 -2.21863888e+06  0.00000000e+00\n",
      "   0.00000000e+00  3.55181604e+06  2.79796276e+03 -7.88982230e+05\n",
      "   0.00000000e+00  0.00000000e+00  0.00000000e+00  0.00000000e+00\n",
      "   0.00000000e+00  0.00000000e+00 -5.29290742e+05  2.40586701e+05\n",
      "  -3.84938722e+05 -2.73413907e+05 -2.73413907e+05  4.37462252e+05\n",
      "  -1.09357591e+05  2.40586701e+05  1.74972146e+05  0.00000000e+00\n",
      "   0.00000000e+00  0.00000000e+00]\n",
      " [-2.10557458e+05 -1.05278729e+05  2.80743277e+05  0.00000000e+00\n",
      "  -1.92086166e+05  5.12229777e+05  0.00000000e+00  0.00000000e+00\n",
      "   0.00000000e+00  2.79796276e+03  3.42806602e+06 -1.02046873e+06\n",
      "   0.00000000e+00 -2.21863888e+06  0.00000000e+00  0.00000000e+00\n",
      "   0.00000000e+00  0.00000000e+00  2.40586701e+05 -1.09357591e+05\n",
      "   1.74972146e+05 -2.73413907e+05 -2.73413907e+05  4.37462252e+05\n",
      "   2.40586701e+05 -5.29290742e+05 -3.84938722e+05  0.00000000e+00\n",
      "   0.00000000e+00  0.00000000e+00]\n",
      " [ 5.61486553e+05  2.80743277e+05 -7.48648738e+05  0.00000000e+00\n",
      "   5.12229777e+05 -1.36594607e+06  0.00000000e+00  0.00000000e+00\n",
      "   0.00000000e+00 -7.88982230e+05 -1.02046873e+06  3.37444528e+06\n",
      "   0.00000000e+00  0.00000000e+00  0.00000000e+00  0.00000000e+00\n",
      "   0.00000000e+00  0.00000000e+00 -3.84938722e+05  1.74972146e+05\n",
      "  -2.79955434e+05  4.37462252e+05  4.37462252e+05 -6.99939603e+05\n",
      "   1.74972146e+05 -3.84938722e+05 -2.79955434e+05  0.00000000e+00\n",
      "   0.00000000e+00  0.00000000e+00]\n",
      " [-4.21114915e+05  2.10557458e+05  5.61486553e+05  0.00000000e+00\n",
      "   0.00000000e+00  0.00000000e+00  0.00000000e+00  0.00000000e+00\n",
      "   0.00000000e+00  0.00000000e+00  0.00000000e+00  0.00000000e+00\n",
      "   3.55181604e+06 -2.79796276e+03 -7.88982230e+05 -2.21863888e+06\n",
      "   0.00000000e+00  0.00000000e+00  0.00000000e+00  0.00000000e+00\n",
      "   0.00000000e+00 -1.09357591e+05 -2.40586701e+05  1.74972146e+05\n",
      "  -2.73413907e+05  2.73413907e+05  4.37462252e+05 -5.29290742e+05\n",
      "  -2.40586701e+05 -3.84938722e+05]\n",
      " [ 2.10557458e+05 -1.05278729e+05 -2.80743277e+05  0.00000000e+00\n",
      "  -1.92086166e+05 -5.12229777e+05  0.00000000e+00  0.00000000e+00\n",
      "   0.00000000e+00  0.00000000e+00 -2.21863888e+06  0.00000000e+00\n",
      "  -2.79796276e+03  3.42806602e+06  1.02046873e+06  0.00000000e+00\n",
      "   0.00000000e+00  0.00000000e+00  0.00000000e+00  0.00000000e+00\n",
      "   0.00000000e+00 -2.40586701e+05 -5.29290742e+05  3.84938722e+05\n",
      "   2.73413907e+05 -2.73413907e+05 -4.37462252e+05 -2.40586701e+05\n",
      "  -1.09357591e+05 -1.74972146e+05]\n",
      " [ 5.61486553e+05 -2.80743277e+05 -7.48648738e+05  0.00000000e+00\n",
      "  -5.12229777e+05 -1.36594607e+06  0.00000000e+00  0.00000000e+00\n",
      "   0.00000000e+00  0.00000000e+00  0.00000000e+00  0.00000000e+00\n",
      "  -7.88982230e+05  1.02046873e+06  3.37444528e+06  0.00000000e+00\n",
      "   0.00000000e+00  0.00000000e+00  0.00000000e+00  0.00000000e+00\n",
      "   0.00000000e+00  1.74972146e+05  3.84938722e+05 -2.79955434e+05\n",
      "   4.37462252e+05 -4.37462252e+05 -6.99939603e+05 -3.84938722e+05\n",
      "  -1.74972146e+05 -2.79955434e+05]\n",
      " [ 0.00000000e+00  0.00000000e+00  0.00000000e+00 -4.21114915e+05\n",
      "  -2.10557458e+05 -5.61486553e+05  0.00000000e+00  0.00000000e+00\n",
      "   0.00000000e+00  0.00000000e+00  0.00000000e+00  0.00000000e+00\n",
      "  -2.21863888e+06  0.00000000e+00  0.00000000e+00  3.55181604e+06\n",
      "   2.79796276e+03  7.88982230e+05 -1.09357591e+05  2.40586701e+05\n",
      "  -1.74972146e+05  0.00000000e+00  0.00000000e+00  0.00000000e+00\n",
      "  -5.29290742e+05  2.40586701e+05  3.84938722e+05 -2.73413907e+05\n",
      "  -2.73413907e+05 -4.37462252e+05]\n",
      " [ 0.00000000e+00 -1.92086166e+05 -5.12229777e+05 -2.10557458e+05\n",
      "  -1.05278729e+05 -2.80743277e+05  0.00000000e+00 -2.21863888e+06\n",
      "   0.00000000e+00  0.00000000e+00  0.00000000e+00  0.00000000e+00\n",
      "   0.00000000e+00  0.00000000e+00  0.00000000e+00  2.79796276e+03\n",
      "   3.42806602e+06  1.02046873e+06  2.40586701e+05 -5.29290742e+05\n",
      "   3.84938722e+05  0.00000000e+00  0.00000000e+00  0.00000000e+00\n",
      "   2.40586701e+05 -1.09357591e+05 -1.74972146e+05 -2.73413907e+05\n",
      "  -2.73413907e+05 -4.37462252e+05]\n",
      " [ 0.00000000e+00 -5.12229777e+05 -1.36594607e+06 -5.61486553e+05\n",
      "  -2.80743277e+05 -7.48648738e+05  0.00000000e+00  0.00000000e+00\n",
      "   0.00000000e+00  0.00000000e+00  0.00000000e+00  0.00000000e+00\n",
      "   0.00000000e+00  0.00000000e+00  0.00000000e+00  7.88982230e+05\n",
      "   1.02046873e+06  3.37444528e+06 -1.74972146e+05  3.84938722e+05\n",
      "  -2.79955434e+05  0.00000000e+00  0.00000000e+00  0.00000000e+00\n",
      "   3.84938722e+05 -1.74972146e+05 -2.79955434e+05 -4.37462252e+05\n",
      "  -4.37462252e+05 -6.99939603e+05]\n",
      " [ 0.00000000e+00  0.00000000e+00  0.00000000e+00  0.00000000e+00\n",
      "   0.00000000e+00  0.00000000e+00 -2.73413907e+05  2.73413907e+05\n",
      "  -4.37462252e+05 -5.29290742e+05  2.40586701e+05 -3.84938722e+05\n",
      "   0.00000000e+00  0.00000000e+00  0.00000000e+00 -1.09357591e+05\n",
      "   2.40586701e+05 -1.74972146e+05  9.12062241e+05 -7.54587309e+05\n",
      "   9.97373120e+05  0.00000000e+00  0.00000000e+00  0.00000000e+00\n",
      "   0.00000000e+00  0.00000000e+00  0.00000000e+00  0.00000000e+00\n",
      "   0.00000000e+00  0.00000000e+00]\n",
      " [ 0.00000000e+00  0.00000000e+00  0.00000000e+00  0.00000000e+00\n",
      "   0.00000000e+00  0.00000000e+00  2.73413907e+05 -2.73413907e+05\n",
      "   4.37462252e+05  2.40586701e+05 -1.09357591e+05  1.74972146e+05\n",
      "   0.00000000e+00  0.00000000e+00  0.00000000e+00  2.40586701e+05\n",
      "  -5.29290742e+05  3.84938722e+05 -7.54587309e+05  9.12062241e+05\n",
      "  -9.97373120e+05  0.00000000e+00  0.00000000e+00  0.00000000e+00\n",
      "   0.00000000e+00  0.00000000e+00  0.00000000e+00  0.00000000e+00\n",
      "   0.00000000e+00  0.00000000e+00]\n",
      " [ 0.00000000e+00  0.00000000e+00  0.00000000e+00  0.00000000e+00\n",
      "   0.00000000e+00  0.00000000e+00 -4.37462252e+05  4.37462252e+05\n",
      "  -6.99939603e+05 -3.84938722e+05  1.74972146e+05 -2.79955434e+05\n",
      "   0.00000000e+00  0.00000000e+00  0.00000000e+00 -1.74972146e+05\n",
      "   3.84938722e+05 -2.79955434e+05  9.97373120e+05 -9.97373120e+05\n",
      "   1.25985047e+06  0.00000000e+00  0.00000000e+00  0.00000000e+00\n",
      "   0.00000000e+00  0.00000000e+00  0.00000000e+00  0.00000000e+00\n",
      "   0.00000000e+00  0.00000000e+00]\n",
      " [ 0.00000000e+00  0.00000000e+00  0.00000000e+00  0.00000000e+00\n",
      "   0.00000000e+00  0.00000000e+00 -5.29290742e+05 -2.40586701e+05\n",
      "   3.84938722e+05 -2.73413907e+05 -2.73413907e+05  4.37462252e+05\n",
      "  -1.09357591e+05 -2.40586701e+05  1.74972146e+05  0.00000000e+00\n",
      "   0.00000000e+00  0.00000000e+00  0.00000000e+00  0.00000000e+00\n",
      "   0.00000000e+00  9.12062241e+05  7.54587309e+05 -9.97373120e+05\n",
      "   0.00000000e+00  0.00000000e+00  0.00000000e+00  0.00000000e+00\n",
      "   0.00000000e+00  0.00000000e+00]\n",
      " [ 0.00000000e+00  0.00000000e+00  0.00000000e+00  0.00000000e+00\n",
      "   0.00000000e+00  0.00000000e+00 -2.40586701e+05 -1.09357591e+05\n",
      "   1.74972146e+05 -2.73413907e+05 -2.73413907e+05  4.37462252e+05\n",
      "  -2.40586701e+05 -5.29290742e+05  3.84938722e+05  0.00000000e+00\n",
      "   0.00000000e+00  0.00000000e+00  0.00000000e+00  0.00000000e+00\n",
      "   0.00000000e+00  7.54587309e+05  9.12062241e+05 -9.97373120e+05\n",
      "   0.00000000e+00  0.00000000e+00  0.00000000e+00  0.00000000e+00\n",
      "   0.00000000e+00  0.00000000e+00]\n",
      " [ 0.00000000e+00  0.00000000e+00  0.00000000e+00  0.00000000e+00\n",
      "   0.00000000e+00  0.00000000e+00  3.84938722e+05  1.74972146e+05\n",
      "  -2.79955434e+05  4.37462252e+05  4.37462252e+05 -6.99939603e+05\n",
      "   1.74972146e+05  3.84938722e+05 -2.79955434e+05  0.00000000e+00\n",
      "   0.00000000e+00  0.00000000e+00  0.00000000e+00  0.00000000e+00\n",
      "   0.00000000e+00 -9.97373120e+05 -9.97373120e+05  1.25985047e+06\n",
      "   0.00000000e+00  0.00000000e+00  0.00000000e+00  0.00000000e+00\n",
      "   0.00000000e+00  0.00000000e+00]\n",
      " [ 0.00000000e+00  0.00000000e+00  0.00000000e+00  0.00000000e+00\n",
      "   0.00000000e+00  0.00000000e+00  0.00000000e+00  0.00000000e+00\n",
      "   0.00000000e+00 -1.09357591e+05  2.40586701e+05  1.74972146e+05\n",
      "  -2.73413907e+05  2.73413907e+05  4.37462252e+05 -5.29290742e+05\n",
      "   2.40586701e+05  3.84938722e+05  0.00000000e+00  0.00000000e+00\n",
      "   0.00000000e+00  0.00000000e+00  0.00000000e+00  0.00000000e+00\n",
      "   9.12062241e+05 -7.54587309e+05 -9.97373120e+05  0.00000000e+00\n",
      "   0.00000000e+00  0.00000000e+00]\n",
      " [ 0.00000000e+00  0.00000000e+00  0.00000000e+00  0.00000000e+00\n",
      "   0.00000000e+00  0.00000000e+00  0.00000000e+00  0.00000000e+00\n",
      "   0.00000000e+00  2.40586701e+05 -5.29290742e+05 -3.84938722e+05\n",
      "   2.73413907e+05 -2.73413907e+05 -4.37462252e+05  2.40586701e+05\n",
      "  -1.09357591e+05 -1.74972146e+05  0.00000000e+00  0.00000000e+00\n",
      "   0.00000000e+00  0.00000000e+00  0.00000000e+00  0.00000000e+00\n",
      "  -7.54587309e+05  9.12062241e+05  9.97373120e+05  0.00000000e+00\n",
      "   0.00000000e+00  0.00000000e+00]\n",
      " [ 0.00000000e+00  0.00000000e+00  0.00000000e+00  0.00000000e+00\n",
      "   0.00000000e+00  0.00000000e+00  0.00000000e+00  0.00000000e+00\n",
      "   0.00000000e+00  1.74972146e+05 -3.84938722e+05 -2.79955434e+05\n",
      "   4.37462252e+05 -4.37462252e+05 -6.99939603e+05  3.84938722e+05\n",
      "  -1.74972146e+05 -2.79955434e+05  0.00000000e+00  0.00000000e+00\n",
      "   0.00000000e+00  0.00000000e+00  0.00000000e+00  0.00000000e+00\n",
      "  -9.97373120e+05  9.97373120e+05  1.25985047e+06  0.00000000e+00\n",
      "   0.00000000e+00  0.00000000e+00]\n",
      " [ 0.00000000e+00  0.00000000e+00  0.00000000e+00  0.00000000e+00\n",
      "   0.00000000e+00  0.00000000e+00 -1.09357591e+05 -2.40586701e+05\n",
      "  -1.74972146e+05  0.00000000e+00  0.00000000e+00  0.00000000e+00\n",
      "  -5.29290742e+05 -2.40586701e+05 -3.84938722e+05 -2.73413907e+05\n",
      "  -2.73413907e+05 -4.37462252e+05  0.00000000e+00  0.00000000e+00\n",
      "   0.00000000e+00  0.00000000e+00  0.00000000e+00  0.00000000e+00\n",
      "   0.00000000e+00  0.00000000e+00  0.00000000e+00  9.12062241e+05\n",
      "   7.54587309e+05  9.97373120e+05]\n",
      " [ 0.00000000e+00  0.00000000e+00  0.00000000e+00  0.00000000e+00\n",
      "   0.00000000e+00  0.00000000e+00 -2.40586701e+05 -5.29290742e+05\n",
      "  -3.84938722e+05  0.00000000e+00  0.00000000e+00  0.00000000e+00\n",
      "  -2.40586701e+05 -1.09357591e+05 -1.74972146e+05 -2.73413907e+05\n",
      "  -2.73413907e+05 -4.37462252e+05  0.00000000e+00  0.00000000e+00\n",
      "   0.00000000e+00  0.00000000e+00  0.00000000e+00  0.00000000e+00\n",
      "   0.00000000e+00  0.00000000e+00  0.00000000e+00  7.54587309e+05\n",
      "   9.12062241e+05  9.97373120e+05]\n",
      " [ 0.00000000e+00  0.00000000e+00  0.00000000e+00  0.00000000e+00\n",
      "   0.00000000e+00  0.00000000e+00 -1.74972146e+05 -3.84938722e+05\n",
      "  -2.79955434e+05  0.00000000e+00  0.00000000e+00  0.00000000e+00\n",
      "  -3.84938722e+05 -1.74972146e+05 -2.79955434e+05 -4.37462252e+05\n",
      "  -4.37462252e+05 -6.99939603e+05  0.00000000e+00  0.00000000e+00\n",
      "   0.00000000e+00  0.00000000e+00  0.00000000e+00  0.00000000e+00\n",
      "   0.00000000e+00  0.00000000e+00  0.00000000e+00  9.97373120e+05\n",
      "   9.97373120e+05  1.25985047e+06]]\n"
     ]
    }
   ],
   "source": [
    "print(globalK())"
   ]
  },
  {
   "cell_type": "code",
   "execution_count": 8,
   "id": "e6b04d2f",
   "metadata": {},
   "outputs": [],
   "source": [
    "# We need to eliminate rows and columns for nodes 7,8,9 and 10\n",
    "K=globalK()\n",
    "for i in range(18,30):\n",
    "    K = np.delete(K, [18], 0)\n",
    "    K = np.delete(K, [18], 1)"
   ]
  },
  {
   "cell_type": "code",
   "execution_count": 9,
   "id": "4461f6c4",
   "metadata": {},
   "outputs": [
    {
     "name": "stdout",
     "output_type": "stream",
     "text": [
      "[[ 0.00000000e+00]\n",
      " [ 6.00000000e+04]\n",
      " [-4.04961974e-01]\n",
      " [ 0.00000000e+00]\n",
      " [ 6.00000000e+04]\n",
      " [-4.04961974e-01]\n",
      " [ 0.00000000e+00]\n",
      " [ 0.00000000e+00]\n",
      " [-3.57504619e+00]\n",
      " [ 0.00000000e+00]\n",
      " [ 0.00000000e+00]\n",
      " [-3.57504619e+00]\n",
      " [ 0.00000000e+00]\n",
      " [ 0.00000000e+00]\n",
      " [-3.57504619e+00]\n",
      " [ 0.00000000e+00]\n",
      " [ 0.00000000e+00]\n",
      " [-3.57504619e+00]]\n"
     ]
    }
   ],
   "source": [
    "#Given F\n",
    "F=np.zeros([18,1])\n",
    "F[1]=F[4]=60000\n",
    "\n",
    "#Forces due to weight\n",
    "F[2]=F[5]=  -1*data.iloc[0:1]['mass'].sum()*9.81/2\n",
    "F[8]=F[11]=F[14]=F[17]= -1*data.iloc[0:13]['mass'].sum()*9.81/4\n",
    "print(F)"
   ]
  },
  {
   "cell_type": "code",
   "execution_count": 10,
   "id": "31b204e6",
   "metadata": {},
   "outputs": [
    {
     "name": "stdout",
     "output_type": "stream",
     "text": [
      "[[-3.46526641e-08]\n",
      " [ 2.80241767e-01]\n",
      " [-3.06989153e-06]\n",
      " [ 3.46526640e-08]\n",
      " [ 2.80241767e-01]\n",
      " [-3.06989153e-06]\n",
      " [-2.04015255e-03]\n",
      " [ 1.84409105e-02]\n",
      " [-5.98042593e-02]\n",
      " [ 2.04015255e-03]\n",
      " [ 1.84409105e-02]\n",
      " [-5.98042593e-02]\n",
      " [-2.04039182e-03]\n",
      " [ 1.84411502e-02]\n",
      " [ 5.97981760e-02]\n",
      " [ 2.04039182e-03]\n",
      " [ 1.84411502e-02]\n",
      " [ 5.97981760e-02]]\n"
     ]
    }
   ],
   "source": [
    "U = np.dot(np.linalg.inv(K), F)\n",
    "print(U)"
   ]
  },
  {
   "cell_type": "code",
   "execution_count": 68,
   "id": "b0565bc6",
   "metadata": {},
   "outputs": [],
   "source": [
    "def stres(elem):\n",
    "    node_1,node_2,_,_,_,theta_x,theta_y,theta_z,L,_ = data.loc[elem].values.tolist()\n",
    "    l=np.cos(theta_x)\n",
    "    m=np.cos(theta_y)\n",
    "    n=np.cos(theta_z)\n",
    "    node_1 = int(node_1)\n",
    "    node_2 = int(node_2)\n",
    "    transform = np.array([l, m, n, -1*l, -1*m, -1*n])\n",
    "    \n",
    "    newU=np.zeros([30,1])\n",
    "    for i in range(18):\n",
    "        newU[i]=U[i]\n",
    "    \n",
    "    localU = np.array([newU[3*(node_1-1)+0],\n",
    "                      newU[3*(node_1-1)+1],\n",
    "                      newU[3*(node_1-1)+2],\n",
    "                      newU[3*(node_2-1)+0],\n",
    "                      newU[3*(node_2-1)+1],\n",
    "                      newU[3*(node_2-1)+2]])\n",
    "\n",
    "    stress=np.dot((E/(L*(1+2*(poisson**2)))), np.dot(transform, localU))\n",
    "    return stress"
   ]
  },
  {
   "cell_type": "code",
   "execution_count": 69,
   "id": "114358d0",
   "metadata": {
    "scrolled": true
   },
   "outputs": [],
   "source": [
    "#Table of stress\n",
    "stress = np.zeros([25,1])\n",
    "for i in range(25):\n",
    "    stress[i]=stres(i+1)"
   ]
  },
  {
   "cell_type": "code",
   "execution_count": 70,
   "id": "b860b895",
   "metadata": {},
   "outputs": [
    {
     "name": "stdout",
     "output_type": "stream",
     "text": [
      "[[-4.89444407e-02]\n",
      " [ 1.14582465e+04]\n",
      " [ 1.14582465e+04]\n",
      " [-1.14581613e+04]\n",
      " [-1.14581613e+04]\n",
      " [ 1.78194251e+04]\n",
      " [-1.78193571e+04]\n",
      " [ 1.78194251e+04]\n",
      " [-1.78193571e+04]\n",
      " [ 1.69217383e-01]\n",
      " [ 1.69217383e-01]\n",
      " [-2.88157140e+03]\n",
      " [ 2.88190935e+03]\n",
      " [ 5.76644111e+03]\n",
      " [-5.76543010e+03]\n",
      " [ 5.76644111e+03]\n",
      " [-5.76543010e+03]\n",
      " [ 1.10612782e+04]\n",
      " [ 1.10612782e+04]\n",
      " [-1.10602673e+04]\n",
      " [-1.10602673e+04]\n",
      " [-2.15876122e+04]\n",
      " [ 2.15893321e+04]\n",
      " [ 2.15893321e+04]\n",
      " [-2.15876122e+04]]\n"
     ]
    }
   ],
   "source": [
    "print(stress)"
   ]
  },
  {
   "cell_type": "code",
   "execution_count": 11,
   "id": "dfe813d1",
   "metadata": {},
   "outputs": [],
   "source": [
    "#ploting original\n",
    "nodes_coords=np.zeros([10,3])\n",
    "done=[1]\n",
    "for element in range(1,26):\n",
    "    a,b,i,j,k,_,_,_,_,_ = data.loc[element].values.tolist()\n",
    "    if b not in done and a in done:\n",
    "        nodes_coords[int(b)-1]=nodes_coords[int(a)-1]+[i,j,k]\n",
    "        done.append(b)"
   ]
  },
  {
   "cell_type": "code",
   "execution_count": 12,
   "id": "cf690428",
   "metadata": {},
   "outputs": [
    {
     "data": {
      "application/javascript": [
       "/* Put everything inside the global mpl namespace */\n",
       "/* global mpl */\n",
       "window.mpl = {};\n",
       "\n",
       "mpl.get_websocket_type = function () {\n",
       "    if (typeof WebSocket !== 'undefined') {\n",
       "        return WebSocket;\n",
       "    } else if (typeof MozWebSocket !== 'undefined') {\n",
       "        return MozWebSocket;\n",
       "    } else {\n",
       "        alert(\n",
       "            'Your browser does not have WebSocket support. ' +\n",
       "                'Please try Chrome, Safari or Firefox ≥ 6. ' +\n",
       "                'Firefox 4 and 5 are also supported but you ' +\n",
       "                'have to enable WebSockets in about:config.'\n",
       "        );\n",
       "    }\n",
       "};\n",
       "\n",
       "mpl.figure = function (figure_id, websocket, ondownload, parent_element) {\n",
       "    this.id = figure_id;\n",
       "\n",
       "    this.ws = websocket;\n",
       "\n",
       "    this.supports_binary = this.ws.binaryType !== undefined;\n",
       "\n",
       "    if (!this.supports_binary) {\n",
       "        var warnings = document.getElementById('mpl-warnings');\n",
       "        if (warnings) {\n",
       "            warnings.style.display = 'block';\n",
       "            warnings.textContent =\n",
       "                'This browser does not support binary websocket messages. ' +\n",
       "                'Performance may be slow.';\n",
       "        }\n",
       "    }\n",
       "\n",
       "    this.imageObj = new Image();\n",
       "\n",
       "    this.context = undefined;\n",
       "    this.message = undefined;\n",
       "    this.canvas = undefined;\n",
       "    this.rubberband_canvas = undefined;\n",
       "    this.rubberband_context = undefined;\n",
       "    this.format_dropdown = undefined;\n",
       "\n",
       "    this.image_mode = 'full';\n",
       "\n",
       "    this.root = document.createElement('div');\n",
       "    this.root.setAttribute('style', 'display: inline-block');\n",
       "    this._root_extra_style(this.root);\n",
       "\n",
       "    parent_element.appendChild(this.root);\n",
       "\n",
       "    this._init_header(this);\n",
       "    this._init_canvas(this);\n",
       "    this._init_toolbar(this);\n",
       "\n",
       "    var fig = this;\n",
       "\n",
       "    this.waiting = false;\n",
       "\n",
       "    this.ws.onopen = function () {\n",
       "        fig.send_message('supports_binary', { value: fig.supports_binary });\n",
       "        fig.send_message('send_image_mode', {});\n",
       "        if (fig.ratio !== 1) {\n",
       "            fig.send_message('set_device_pixel_ratio', {\n",
       "                device_pixel_ratio: fig.ratio,\n",
       "            });\n",
       "        }\n",
       "        fig.send_message('refresh', {});\n",
       "    };\n",
       "\n",
       "    this.imageObj.onload = function () {\n",
       "        if (fig.image_mode === 'full') {\n",
       "            // Full images could contain transparency (where diff images\n",
       "            // almost always do), so we need to clear the canvas so that\n",
       "            // there is no ghosting.\n",
       "            fig.context.clearRect(0, 0, fig.canvas.width, fig.canvas.height);\n",
       "        }\n",
       "        fig.context.drawImage(fig.imageObj, 0, 0);\n",
       "    };\n",
       "\n",
       "    this.imageObj.onunload = function () {\n",
       "        fig.ws.close();\n",
       "    };\n",
       "\n",
       "    this.ws.onmessage = this._make_on_message_function(this);\n",
       "\n",
       "    this.ondownload = ondownload;\n",
       "};\n",
       "\n",
       "mpl.figure.prototype._init_header = function () {\n",
       "    var titlebar = document.createElement('div');\n",
       "    titlebar.classList =\n",
       "        'ui-dialog-titlebar ui-widget-header ui-corner-all ui-helper-clearfix';\n",
       "    var titletext = document.createElement('div');\n",
       "    titletext.classList = 'ui-dialog-title';\n",
       "    titletext.setAttribute(\n",
       "        'style',\n",
       "        'width: 100%; text-align: center; padding: 3px;'\n",
       "    );\n",
       "    titlebar.appendChild(titletext);\n",
       "    this.root.appendChild(titlebar);\n",
       "    this.header = titletext;\n",
       "};\n",
       "\n",
       "mpl.figure.prototype._canvas_extra_style = function (_canvas_div) {};\n",
       "\n",
       "mpl.figure.prototype._root_extra_style = function (_canvas_div) {};\n",
       "\n",
       "mpl.figure.prototype._init_canvas = function () {\n",
       "    var fig = this;\n",
       "\n",
       "    var canvas_div = (this.canvas_div = document.createElement('div'));\n",
       "    canvas_div.setAttribute('tabindex', '0');\n",
       "    canvas_div.setAttribute(\n",
       "        'style',\n",
       "        'border: 1px solid #ddd;' +\n",
       "            'box-sizing: content-box;' +\n",
       "            'clear: both;' +\n",
       "            'min-height: 1px;' +\n",
       "            'min-width: 1px;' +\n",
       "            'outline: 0;' +\n",
       "            'overflow: hidden;' +\n",
       "            'position: relative;' +\n",
       "            'resize: both;' +\n",
       "            'z-index: 2;'\n",
       "    );\n",
       "\n",
       "    function on_keyboard_event_closure(name) {\n",
       "        return function (event) {\n",
       "            return fig.key_event(event, name);\n",
       "        };\n",
       "    }\n",
       "\n",
       "    canvas_div.addEventListener(\n",
       "        'keydown',\n",
       "        on_keyboard_event_closure('key_press')\n",
       "    );\n",
       "    canvas_div.addEventListener(\n",
       "        'keyup',\n",
       "        on_keyboard_event_closure('key_release')\n",
       "    );\n",
       "\n",
       "    this._canvas_extra_style(canvas_div);\n",
       "    this.root.appendChild(canvas_div);\n",
       "\n",
       "    var canvas = (this.canvas = document.createElement('canvas'));\n",
       "    canvas.classList.add('mpl-canvas');\n",
       "    canvas.setAttribute(\n",
       "        'style',\n",
       "        'box-sizing: content-box;' +\n",
       "            'pointer-events: none;' +\n",
       "            'position: relative;' +\n",
       "            'z-index: 0;'\n",
       "    );\n",
       "\n",
       "    this.context = canvas.getContext('2d');\n",
       "\n",
       "    var backingStore =\n",
       "        this.context.backingStorePixelRatio ||\n",
       "        this.context.webkitBackingStorePixelRatio ||\n",
       "        this.context.mozBackingStorePixelRatio ||\n",
       "        this.context.msBackingStorePixelRatio ||\n",
       "        this.context.oBackingStorePixelRatio ||\n",
       "        this.context.backingStorePixelRatio ||\n",
       "        1;\n",
       "\n",
       "    this.ratio = (window.devicePixelRatio || 1) / backingStore;\n",
       "\n",
       "    var rubberband_canvas = (this.rubberband_canvas = document.createElement(\n",
       "        'canvas'\n",
       "    ));\n",
       "    rubberband_canvas.setAttribute(\n",
       "        'style',\n",
       "        'box-sizing: content-box;' +\n",
       "            'left: 0;' +\n",
       "            'pointer-events: none;' +\n",
       "            'position: absolute;' +\n",
       "            'top: 0;' +\n",
       "            'z-index: 1;'\n",
       "    );\n",
       "\n",
       "    // Apply a ponyfill if ResizeObserver is not implemented by browser.\n",
       "    if (this.ResizeObserver === undefined) {\n",
       "        if (window.ResizeObserver !== undefined) {\n",
       "            this.ResizeObserver = window.ResizeObserver;\n",
       "        } else {\n",
       "            var obs = _JSXTOOLS_RESIZE_OBSERVER({});\n",
       "            this.ResizeObserver = obs.ResizeObserver;\n",
       "        }\n",
       "    }\n",
       "\n",
       "    this.resizeObserverInstance = new this.ResizeObserver(function (entries) {\n",
       "        var nentries = entries.length;\n",
       "        for (var i = 0; i < nentries; i++) {\n",
       "            var entry = entries[i];\n",
       "            var width, height;\n",
       "            if (entry.contentBoxSize) {\n",
       "                if (entry.contentBoxSize instanceof Array) {\n",
       "                    // Chrome 84 implements new version of spec.\n",
       "                    width = entry.contentBoxSize[0].inlineSize;\n",
       "                    height = entry.contentBoxSize[0].blockSize;\n",
       "                } else {\n",
       "                    // Firefox implements old version of spec.\n",
       "                    width = entry.contentBoxSize.inlineSize;\n",
       "                    height = entry.contentBoxSize.blockSize;\n",
       "                }\n",
